var positions = [[3,16],
[3,19],
[3,20],
[3,23],
[3,24],
[3,25],
[3,26],
[4,13],
[4,14],
[4,15],
[4,17],
[4,19],
[4,23],
[4,24],
[4,25],
[4,26],
[5,9],
[5,10],
[5,11],
[5,15],
[5,20],
[5,23],
[5,24],
[6,9],
[6,10],
[6,11],
[6,12],
[6,13],
[6,16],
[6,18],
[6,19],
[6,21],
[6,23],
[6,24],
[7,9],
[7,10],
[7,11],
[7,12],
[7,13],
[7,15],
[7,16],
[7,18],
[7,20],
[7,21],
[7,22],
[7,23],
[7,24],
[7,25],
[8,9],
[8,10],
[8,11],
[8,12],
[8,13],
[8,14],
[8,15],
[8,16],
[8,17],
[8,18],
[8,19],
[8,20],
[8,21],
[8,22],
[8,23],
[8,25],
[9,9],
[9,10],
[9,11],
[9,13],
[9,15],
[9,16],
[9,18],
[9,19],
[9,20],
[9,21],
[9,22],
[9,23],
[9,24],
[9,25],
[9,26],
[10,9],
[10,11],
[10,12],
[10,13],
[10,14],
[10,15],
[10,16],
[10,17],
[10,18],
[10,19],
[10,20],
[10,22],
[10,23],
[10,24],
[10,25],
[10,26],
[10,21],
[11,9],
[11,10],
[11,11],
[11,12],
[11,13],
[11,14],
[11,15],
[11,16],
[11,17],
[11,18],
[11,19],
[11,20],
[11,21],
[11,22],
[11,23],
[11,24],
[11,25],
[11,26],
[12,9],
[12,11],
[12,12],
[12,14],
[12,16],
[12,17],
[12,18],
[12,19],
[12,20],
[12,21],
[12,22],
[12,23],
[12,24],
[12,25],
[12,26],
[13,13],
[13,14],
[13,15],
[13,16],
[13,17],
[13,18],
[13,19],
[13,20],
[13,21],
[13,22],
[13,23],
[13,24],
[13,25],
[13,26],
[14,14],
[14,15],
[14,16],
[14,17],
[14,18],
[14,19],
[14,20],
[14,21],
[14,22],
[14,23],
[14,24],
[14,25],
[15,14],
[15,15],
[15,16],
[15,17],
[15,18],
[15,19],
[15,20],
[15,21],
[15,22],
[15,23],
[15,24],
[15,25],
[16,10],
[16,11],
[16,14],
[16,15],
[16,16],
[16,17],
[16,18],
[16,19],
[16,20],
[16,21],
[16,22],
[16,23],
[16,24],
[16,25],
[17,10],
[17,11],
[17,14],
[17,15],
[17,16],
[17,17],
[17,18],
[17,19],
[17,20],
[17,21],
[17,22],
[17,23],
[17,24],
[17,25],
[18,10],
[18,11],
[18,12],
[18,13],
[18,14],
[18,15],
[18,16],
[18,17],
[18,18],
[18,19],
[18,20],
[18,21],
[18,22],
[18,23],
[18,24],
[18,25],
[19,10],
[19,11],
[19,12],
[19,13],
[19,15],
[19,16],
[19,17],
[19,18],
[19,20],
[19,21],
[19,22],
[19,23],
[19,24],
[20,12],
[20,15],
[20,16],
[20,17],
[20,18],
[20,20],
[20,21],
[20,22],
[20,23],
[21,9],
[21,11],
[21,12],
[21,13],
[21,14],
[21,17],
[21,18],
[21,20],
[21,21],
[21,23],
[22,9],
[22,10],
[22,11],
[22,12],
[22,13],
[22,14],
[23,9],
[23,10],
[23,11],
[23,12],
[23,13],
[23,14],
[24,9],
[24,10],
[24,11],
[24,12],
[24,13],
[24,14],
[100,100],
[200,200],
[201,200],
[300,300],
[500,500],
[500,501],
[501,500],
[501,501],
[5,21],
[4,21],
[3,21],
[4,20],
[5,19],
[5,18],
[4,18],
[5,17],
[5,16],
[4,16],
[3,17],
[3,18],
[6,17],
[7,17],
[6,15],
[5,14],
[6,14],
[7,14],
[5,13],
[3,15],
[3,14],
[3,13],
[7,19],
[6,20],
[9,17],
[8,24],
[21,22],
[19,14],
[9,12],
[12,10],
[10,10],
[10,10],
[21,10],
[12,13],
[12,15],
[14,13],
]